a.csv: [0, 0, 0, 1, 1, 1, 0, 0, 0, 0, 1]
d.csv: [0, 1, 1, 0, 0, 0, 1, 0, 0, 0, 1]
e.csv: [0, 0, 0, 1, 0, 0, 1, 0, 0, 1, 1]
f.csv: [0, 1, 1, 0, 1, 0, 1, 0, 0, 1, 1]
g.csv: [0, 0, 0, 1, 0, 1, 1, 0, 0, 0, 1]
r.csv: [0, 1, 0, 1, 1, 0, 1, 0, 0, 1, 1]
s.csv: [0, 1, 0, 1, 1, 1, 0, 0, 0, 1, 1]
t.csv: [0, 0, 0, 1, 1, 0, 1, 0, 0, 0, 1]
w.csv: [0, 1, 0, 1, 1, 1, 0, 0, 0, 1, 1]

a_hold.csv: [0, 0, 0, 1, 1, 1, 0, 0, 0, 0, 1, 0, 0, 0, 1, 1, 1, 0, 0, 0, 0, 1, 0, 0, 0, 1, 1, 1, 0, 0, 0, 0, 1, 0, 0, 0, 1, 1, 1, 0, 0, 0, 0, 1, 0, 0, 0, 1, 1, 1, 0, 0, 0, 0, 1, 0, 0, 0, 1, 1, 1, 0, 0, 0, 0, 1]
water.csv: [0, 1, 0, 1, 1, 1, 0, 0, 0, 1, 1, 0, 0, 0, 1, 1, 1, 0, 0, 0, 0, 1, 0, 0, 0, 0, 0, 1, 1, 1, 1, 1, 1, 0, 1, 0, 1, 1, 1, 0, 0, 0, 1, 1, 0, 0, 0, 1, 1, 0, 1, 0, 0, 0, 1, 0, 0, 0, 0, 0, 1, 1, 1, 1, 1, 1, 0, 0, 0, 1, 1, 1, 0, 0, 0, 0, 1, 0, 0, 0, 1, 0, 0, 1, 0, 0, 1, 1, 0, 0, 0, 0, 0, 1, 1, 1, 1, 1, 1, 0, 0, 0, 1, 1, 0, 1, 0, 0, 0, 1, 0, 1, 0, 1, 1, 0, 1, 0, 0, 1, 1, 0, 0, 0, 0, 0, 1, 1, 1, 1, 1, 1, 0, 0, 0, 1, 0, 0, 1, 0, 0, 1, 1, 0, 0, 0, 0, 0, 1, 1, 1, 1, 1, 1, 0, 1, 0, 1, 1, 0, 1, 0, 0, 1, 1]

a: 0_0011_1000_01
d: 0_1100_0100_01
e: 0_0010_0100_11
f: 0_1101_0100_11
g: 0_0010_1100_01
r: 0_1011_0100_11
s: 0_1011_1000_11
t: 0_0011_0100_01
w: 0_1011_1000_11
