IR Decoded
*0.csv: [1, 0, 1, 0, 1, 0, 0, 0, 0, 1, 0, 1, 0, 1, 1, 1, 1, 1, 0, 1, 0, 0, 0, 0, 0, 0, 1, 0, 1, 1, 1, 1, 1]
1.csv: [1, 0, 0, 0, 1, 0, 1, 0, 0, 0, 0, 0, 0, 0, 1, 0, 1, 1, 1, 0, 0, 0, 0, 0, 0, 0, 0, 0, 0, 0, 0, 1, 1, 0, 0, 1, 1, 0, 0, 0]
2.csv: [1, 1, 0, 0, 0, 0, 0, 0, 0, 0, 0, 0, 0, 0, 0, 0, 0, 0, 1, 1, 0, 0, 0, 0, 0, 0, 0, 0, 0, 0, 0, 1, 0, 0, 1, 1, 1, 0, 0]
*3.csv: [1, 0, 1, 0, 1, 0, 0, 0, 0, 1, 0, 1, 0, 1, 1, 1, 1, 1, 0, 0, 0, 0, 0, 0, 0, 0, 1, 1, 1, 1, 1, 1, 1]
*4.csv: [1, 0, 1, 0, 1, 0, 0, 0, 0, 1, 0, 1, 0, 1, 1, 1, 0, 0, 1, 0, 0, 0, 0, 0, 1, 1, 0, 1, 1, 1, 1, 1, 1]
5.csv: [1, 0, 1, 0, 1, 0, 0, 0, 0, 1, 0, 1, 0, 1, 1, 1, 1, 0, 1, 0, 0, 0, 0, 0, 0, 1, 0, 1, 1, 1, 1, 1]
*6.csv: [1, 0, 1, 0, 1, 0, 0, 0, 0, 1, 0, 1, 0, 1, 1, 1, 0, 1, 1, 0, 0, 0, 0, 0, 1, 0, 0, 1, 1, 1, 1, 1, 1]
*7.csv: [1, 0, 1, 0, 1, 0, 0, 0, 0, 1, 0, 1, 0, 1, 1, 1, 1, 1, 1, 0, 0, 0, 0, 0, 0, 0, 0, 1, 1, 1, 1, 1, 1]
*8.csv: [1, 0, 1, 0, 1, 0, 0, 0, 0, 1, 0, 1, 0, 1, 1, 1, 0, 0, 0, 1, 0, 0, 0, 0, 1, 1, 1, 0, 1, 1, 1, 1, 1]
9.csv: [1, 1, 0, 0, 0, 0, 0, 0, 0, 0, 0, 0, 0, 0, 0, 1, 1, 1, 0, 0, 0, 0, 0, 0, 0, 0, 0, 0, 1, 0, 0, 1, 1, 0, 0]

This data is good
0: 1 0 1 0 1 0 0 0 0 1 0 1 0 1 1 1 1 1 0 1 0 0 0 0 0 0 1 0 1 1 1 1 1
3: 1 0 1 0 1 0 0 0 0 1 0 1 0 1 1 1 1 1 0 0 0 0 0 0 0 0 1 1 1 1 1 1 1
4: 1 0 1 0 1 0 0 0 0 1 0 1 0 1 1 1 0 0 1 0 0 0 0 0 1 1 0 1 1 1 1 1 1
6: 1 0 1 0 1 0 0 0 0 1 0 1 0 1 1 1 0 1 1 0 0 0 0 0 1 0 0 1 1 1 1 1 1
7: 1 0 1 0 1 0 0 0 0 1 0 1 0 1 1 1 1 1 1 0 0 0 0 0 0 0 0 1 1 1 1 1 1
8: 1 0 1 0 1 0 0 0 0 1 0 1 0 1 1 1 0 0 0 1 0 0 0 0 1 1 1 0 1 1 1 1 1
